2 2 2 2 2 2 2 2 2 2 2 2 2 3 3 3 3 3 3 3 3 3 3 3 3 4 4 4 4 4 5 5 6 8 10 12 8 9 10 15 1000 5 4 3 3 3 3 3 3 3 3 3 2 2 2 2 2 2 2 2 1 1 1 1 1 1 1 1 1 1 1 1 1 1 1 1 1 1 1 1 
2 2 2 2 2 2 2 2 2 2 2 2 3 3 3 3 3 3 3 3 3 3 3 3 4 4 4 4 4 4 5 6 7 7 9 14 11 28 11 9 6 5 4 4 3 3 3 3 3 3 3 3 3 2 2 2 2 2 2 2 2 1 1 1 1 1 1 1 1 1 1 1 1 1 1 1 1 1 1 1 
2 2 2 2 2 2 2 2 2 2 3 3 3 3 3 3 3 3 3 3 3 3 3 3 4 4 4 4 4 5 6 6 7 7 9 11 22 11 9 7 6 5 5 4 4 3 3 3 3 3 3 3 3 3 2 2 2 2 2 2 2 2 2 1 1 1 1 1 1 1 1 1 1 1 1 1 1 1 1 1 
2 2 2 2 2 2 2 2 2 3 3 3 3 3 3 3 3 3 3 3 3 3 3 4 4 4 4 4 5 5 6 6 7 8 10 19 33 10 9 7 6 5 5 4 4 4 3 3 3 3 3 3 3 3 3 2 2 2 2 2 2 2 2 2 1 1 1 1 1 1 1 1 1 1 1 1 1 1 1 1 
2 2 2 2 2 2 2 2 3 3 3 3 3 3 3 3 3 3 3 3 3 3 4 4 4 4 4 4 5 6 7 8 8 24 35 28 23 14 10 7 7 6 5 4 4 4 4 3 3 3 3 3 3 3 3 2 2 2 2 2 2 2 2 2 2 1 1 1 1 1 1 1 1 1 1 1 1 1 1 1 
2 2 2 2 2 2 2 3 3 3 3 3 3 3 3 3 3 3 3 3 3 4 4 4 4 4 4 5 6 7 12 11 10 12 20 1000 1000 23 12 9 8 8 5 5 4 4 4 4 3 3 3 3 3 3 3 3 2 2 2 2 2 2 2 2 2 2 1 1 1 1 1 1 1 1 1 1 1 1 1 1 
2 2 2 2 2 3 3 3 3 3 3 3 3 3 3 3 3 3 3 3 4 4 4 4 4 5 5 6 10 12 40 15 14 20 22 1000 1000 19 17 10 15 15 6 5 4 4 4 4 4 4 3 3 3 3 3 3 3 2 2 2 2 2 2 2 2 2 2 1 1 1 1 1 1 1 1 1 1 1 1 1 
2 2 2 2 3 3 3 3 3 3 3 3 3 3 3 3 3 3 3 4 4 4 4 5 5 5 5 6 8 11 14 24 23 268 1000 1000 1000 623 68 14 24 12 7 5 5 4 4 4 4 4 4 3 3 3 3 3 3 3 2 2 2 2 2 2 2 2 2 2 1 1 1 1 1 1 1 1 1 1 1 1 
2 2 2 3 3 3 3 3 3 3 3 3 3 3 3 3 3 4 4 4 4 5 5 5 5 5 6 6 7 9 13 54 1000 1000 1000 1000 1000 1000 1000 139 17 10 7 6 5 5 4 4 4 4 4 4 4 3 3 3 3 3 2 2 2 2 2 2 2 2 2 2 2 1 1 1 1 1 1 1 1 1 1 1 
2 2 3 3 3 3 3 3 3 3 3 3 3 3 3 3 4 4 4 5 5 5 5 5 5 6 6 7 7 10 111 38 1000 1000 1000 1000 1000 1000 1000 28 13 9 7 6 6 5 5 4 4 4 4 4 4 4 3 3 3 3 3 2 2 2 2 2 2 2 2 2 2 1 1 1 1 1 1 1 1 1 1 1 
2 3 3 3 3 3 3 3 3 3 3 3 3 3 4 4 4 5 5 5 5 5 5 6 6 6 6 7 8 13 21 1000 1000 1000 1000 1000 1000 1000 1000 46 33 9 7 7 6 6 5 5 5 5 4 4 4 4 4 3 3 3 3 2 2 2 2 2 2 2 2 2 2 2 1 1 1 1 1 1 1 1 1 1 
3 3 3 3 3 3 3 3 3 3 3 3 4 4 4 4 5 5 5 5 6 6 6 6 6 6 7 8 8 10 15 60 1000 1000 1000 1000 1000 1000 1000 63 13 9 8 7 7 6 6 5 5 5 5 5 5 5 4 4 4 3 3 3 2 2 2 2 2 2 2 2 2 2 2 1 1 1 1 1 1 1 1 1 
3 3 3 3 3 3 3 3 3 3 4 4 4 4 5 6 6 7 7 22 7 7 7 7 7 8 8 8 9 10 13 151 1000 1000 1000 1000 1000 1000 1000 24 12 10 9 8 8 7 7 6 5 5 5 5 5 6 17 6 4 3 3 3 3 2 2 2 2 2 2 2 2 2 2 2 1 1 1 1 1 1 1 1 
3 3 3 3 3 3 3 3 4 4 4 4 4 5 6 10 12 10 11 21 9 8 8 8 11 25 13 10 12 12 13 16 219 1000 1000 1000 1000 1000 183 15 13 11 82 10 9 12 10 7 6 6 6 6 6 7 9 21 5 4 3 3 3 2 2 2 2 2 2 2 2 2 2 2 1 1 1 1 1 1 1 1 
3 3 3 3 3 3 4 4 4 4 4 4 5 5 6 8 12 30 48 14 11 10 9 9 73 37 19 15 175 21 198 70 61 84 75 1000 74 777 128 163 22 43 36 65 12 22 40 9 7 7 7 7 7 8 14 9 6 5 4 3 3 3 2 2 2 2 2 2 2 2 2 2 2 1 1 1 1 1 1 1 
3 3 3 4 4 4 4 4 4 4 4 5 5 5 6 8 15 22 62 54 19 74 11 11 14 153 1000 489 63 1000 1000 1000 1000 1000 1000 1000 1000 1000 1000 1000 1000 1000 1000 56 66 1000 22 11 8 8 16 11 9 9 13 10 8 5 4 4 3 3 2 2 2 2 2 2 2 2 2 2 2 2 1 1 1 1 1 1 
3 4 4 4 4 4 4 4 4 4 5 5 5 6 6 8 11 13 41 1000 1000 30 15 29 25 38 1000 1000 1000 1000 1000 1000 1000 1000 1000 1000 1000 1000 1000 1000 1000 1000 1000 1000 1000 1000 19 14 11 10 13 41 14 15 15 18 14 6 4 4 3 3 2 2 2 2 2 2 2 2 2 2 2 2 1 1 1 1 1 1 
4 4 4 4 4 4 4 4 4 5 5 5 5 6 7 8 9 65 54 1000 1000 1000 21 129 1000 1000 1000 1000 1000 1000 1000 1000 1000 1000 1000 1000 1000 1000 1000 1000 1000 1000 1000 1000 1000 1000 1000 1000 15 14 33 1000 40 502 24 20 9 6 4 4 3 3 3 2 2 2 2 2 2 2 2 2 2 2 2 1 1 1 1 1 
4 4 4 4 4 4 4 4 5 5 5 5 5 6 7 8 9 30 450 1000 1000 1000 1000 1000 1000 1000 1000 1000 1000 1000 1000 1000 1000 1000 1000 1000 1000 1000 1000 1000 1000 1000 1000 1000 1000 1000 1000 1000 651 19 1000 1000 1000 44 23 9 8 5 4 4 4 3 3 2 2 2 2 2 2 2 2 2 2 2 2 1 1 1 1 1 
4 4 4 4 4 4 4 5 5 5 5 5 6 7 7 9 10 12 19 156 1000 1000 1000 1000 1000 1000 1000 1000 1000 1000 1000 1000 1000 1000 1000 1000 1000 1000 1000 1000 1000 1000 1000 1000 1000 1000 1000 1000 1000 880 1000 1000 1000 1000 20 10 6 5 5 4 4 3 3 3 2 2 2 2 2 2 2 2 2 2 2 2 1 1 1 1 
4 4 4 4 4 4 5 5 5 5 5 6 7 8 13 11 11 40 61 1000 1000 1000 1000 1000 1000 1000 1000 1000 1000 1000 1000 1000 1000 1000 1000 1000 1000 1000 1000 1000 1000 1000 1000 1000 1000 1000 1000 1000 1000 1000 1000 1000 1000 23 19 8 6 5 5 4 4 3 3 3 2 2 2 2 2 2 2 2 2 2 2 2 1 1 1 1 
4 4 4 4 5 5 5 5 5 5 6 7 18 15 33 15 14 154 1000 1000 1000 1000 1000 1000 1000 1000 1000 1000 1000 1000 1000 1000 1000 1000 1000 1000 1000 1000 1000 1000 1000 1000 1000 1000 1000 1000 1000 1000 1000 1000 1000 70 18 12 9 7 6 5 5 4 4 3 3 3 2 2 2 2 2 2 2 2 2 2 2 2 2 1 1 1 
4 4 5 5 5 5 5 5 6 6 6 8 20 34 135 52 24 104 1000 1000 1000 1000 1000 1000 1000 1000 1000 1000 1000 1000 1000 1000 1000 1000 1000 1000 1000 1000 1000 1000 1000 1000 1000 1000 1000 1000 1000 1000 1000 1000 1000 1000 33 14 11 8 6 6 5 4 4 4 3 3 3 2 2 2 2 2 2 2 2 2 2 2 2 1 1 1 
5 5 5 5 5 6 6 6 6 6 7 8 10 16 67 1000 63 1000 1000 1000 1000 1000 1000 1000 1000 1000 1000 1000 1000 1000 1000 1000 1000 1000 1000 1000 1000 1000 1000 1000 1000 1000 1000 1000 1000 1000 1000 1000 1000 1000 1000 1000 1000 31 42 9 7 7 6 5 4 4 3 3 3 2 2 2 2 2 2 2 2 2 2 2 2 1 1 1 
6 6 6 6 6 6 6 6 6 7 7 8 10 12 19 38 1000 1000 1000 1000 1000 1000 1000 1000 1000 1000 1000 1000 1000 1000 1000 1000 1000 1000 1000 1000 1000 1000 1000 1000 1000 1000 1000 1000 1000 1000 1000 1000 1000 1000 1000 1000 1000 1000 16 10 8 8 18 6 4 4 3 3 3 2 2 2 2 2 2 2 2 2 2 2 2 2 1 1 
7 7 6 6 6 6 6 6 7 7 7 10 27 16 144 1000 1000 1000 1000 1000 1000 1000 1000 1000 1000 1000 1000 1000 1000 1000 1000 1000 1000 1000 1000 1000 1000 1000 1000 1000 1000 1000 1000 1000 1000 1000 1000 1000 1000 1000 1000 1000 1000 1000 21 16 44 12 16 6 4 4 3 3 3 3 2 2 2 2 2 2 2 2 2 2 2 2 1 1 
9 8 7 7 7 7 7 7 7 8 9 29 193 1000 1000 1000 1000 1000 1000 1000 1000 1000 1000 1000 1000 1000 1000 1000 1000 1000 1000 1000 1000 1000 1000 1000 1000 1000 1000 1000 1000 1000 1000 1000 1000 1000 1000 1000 1000 1000 1000 1000 1000 1000 1000 1000 781 19 17 7 4 4 3 3 3 3 2 2 2 2 2 2 2 2 2 2 2 2 1 1 
12 10 9 10 8 8 8 8 8 8 9 11 17 188 1000 1000 1000 1000 1000 1000 1000 1000 1000 1000 1000 1000 1000 1000 1000 1000 1000 1000 1000 1000 1000 1000 1000 1000 1000 1000 1000 1000 1000 1000 1000 1000 1000 1000 1000 1000 1000 1000 1000 1000 1000 1000 1000 14 11 6 5 4 3 3 3 3 2 2 2 2 2 2 2 2 2 2 2 2 2 1 
34 14 12 16 10 9 8 8 8 9 10 16 23 1000 1000 1000 1000 1000 1000 1000 1000 1000 1000 1000 1000 1000 1000 1000 1000 1000 1000 1000 1000 1000 1000 1000 1000 1000 1000 1000 1000 1000 1000 1000 1000 1000 1000 1000 1000 1000 1000 1000 1000 1000 1000 21 14 9 7 5 5 4 3 3 3 3 2 2 2 2 2 2 2 2 2 2 2 2 2 1 
1000 36 16 49 17 12 10 9 9 10 11 119 1000 1000 1000 1000 1000 1000 1000 1000 1000 1000 1000 1000 1000 1000 1000 1000 1000 1000 1000 1000 1000 1000 1000 1000 1000 1000 1000 1000 1000 1000 1000 1000 1000 1000 1000 1000 1000 1000 1000 1000 1000 1000 1000 32 12 8 6 5 4 4 3 3 3 3 3 2 2 2 2 2 2 2 2 2 2 2 2 1 
1000 303 124 1000 24 23 12 10 10 11 12 162 1000 1000 1000 1000 1000 1000 1000 1000 1000 1000 1000 1000 1000 1000 1000 1000 1000 1000 1000 1000 1000 1000 1000 1000 1000 1000 1000 1000 1000 1000 1000 1000 1000 1000 1000 1000 1000 1000 1000 1000 1000 1000 1000 1000 13 10 7 5 4 4 3 3 3 3 3 2 2 2 2 2 2 2 2 2 2 2 2 1 
1000 1000 1000 1000 1000 1000 21 14 12 12 13 25 1000 1000 1000 1000 1000 1000 1000 1000 1000 1000 1000 1000 1000 1000 1000 1000 1000 1000 1000 1000 1000 1000 1000 1000 1000 1000 1000 1000 1000 1000 1000 1000 1000 1000 1000 1000 1000 1000 1000 1000 1000 1000 1000 1000 1000 18 8 5 4 4 3 3 3 3 3 2 2 2 2 2 2 2 2 2 2 2 2 2 
1000 1000 1000 1000 1000 1000 1000 24 14 14 15 44 1000 1000 1000 1000 1000 1000 1000 1000 1000 1000 1000 1000 1000 1000 1000 1000 1000 1000 1000 1000 1000 1000 1000 1000 1000 1000 1000 1000 1000 1000 1000 1000 1000 1000 1000 1000 1000 1000 1000 1000 1000 1000 1000 1000 30 21 6 5 4 4 3 3 3 3 3 2 2 2 2 2 2 2 2 2 2 2 2 2 
1000 1000 1000 1000 1000 1000 1000 1000 61 16 18 1000 1000 1000 1000 1000 1000 1000 1000 1000 1000 1000 1000 1000 1000 1000 1000 1000 1000 1000 1000 1000 1000 1000 1000 1000 1000 1000 1000 1000 1000 1000 1000 1000 1000 1000 1000 1000 1000 1000 1000 1000 1000 1000 1000 1000 11 8 6 5 4 4 3 3 3 3 3 2 2 2 2 2 2 2 2 2 2 2 2 2 
1000 1000 1000 1000 1000 1000 1000 1000 1000 19 21 1000 1000 1000 1000 1000 1000 1000 1000 1000 1000 1000 1000 1000 1000 1000 1000 1000 1000 1000 1000 1000 1000 1000 1000 1000 1000 1000 1000 1000 1000 1000 1000 1000 1000 1000 1000 1000 1000 1000 1000 1000 1000 1000 1000 1000 27 7 5 4 4 4 3 3 3 3 3 2 2 2 2 2 2 2 2 2 2 2 2 2 
1000 1000 1000 1000 1000 1000 1000 1000 1000 62 25 1000 1000 1000 1000 1000 1000 1000 1000 1000 1000 1000 1000 1000 1000 1000 1000 1000 1000 1000 1000 1000 1000 1000 1000 1000 1000 1000 1000 1000 1000 1000 1000 1000 1000 1000 1000 1000 1000 1000 1000 1000 1000 1000 1000 16 13 6 5 4 4 4 3 3 3 3 3 3 2 2 2 2 2 2 2 2 2 2 2 2 
1000 1000 1000 1000 1000 1000 1000 1000 1000 1000 32 1000 1000 1000 1000 1000 1000 1000 1000 1000 1000 1000 1000 1000 1000 1000 1000 1000 1000 1000 1000 1000 1000 1000 1000 1000 1000 1000 1000 1000 1000 1000 1000 1000 1000 1000 1000 1000 1000 1000 1000 1000 1000 1000 1000 23 7 5 5 4 4 4 3 3 3 3 3 3 2 2 2 2 2 2 2 2 2 2 2 2 
1000 1000 1000 1000 1000 1000 1000 1000 1000 1000 42 1000 1000 1000 1000 1000 1000 1000 1000 1000 1000 1000 1000 1000 1000 1000 1000 1000 1000 1000 1000 1000 1000 1000 1000 1000 1000 1000 1000 1000 1000 1000 1000 1000 1000 1000 1000 1000 1000 1000 1000 1000 1000 1000 78 8 6 5 5 4 4 4 3 3 3 3 3 3 2 2 2 2 2 2 2 2 2 2 2 2 
1000 1000 1000 1000 1000 1000 1000 1000 1000 1000 62 1000 1000 1000 1000 1000 1000 1000 1000 1000 1000 1000 1000 1000 1000 1000 1000 1000 1000 1000 1000 1000 1000 1000 1000 1000 1000 1000 1000 1000 1000 1000 1000 1000 1000 1000 1000 1000 1000 1000 1000 1000 1000 230 9 7 6 5 5 4 4 4 3 3 3 3 3 3 2 2 2 2 2 2 2 2 2 2 2 2 
1000 1000 1000 1000 1000 1000 1000 1000 1000 1000 126 1000 1000 1000 1000 1000 1000 1000 1000 1000 1000 1000 1000 1000 1000 1000 1000 1000 1000 1000 1000 1000 1000 1000 1000 1000 1000 1000 1000 1000 1000 1000 1000 1000 1000 1000 1000 1000 1000 1000 1000 1000 154 10 8 6 6 5 5 4 4 4 3 3 3 3 3 3 2 2 2 2 2 2 2 2 2 2 2 2 
1000 1000 1000 1000 1000 1000 1000 1000 1000 1000 1000 1000 1000 1000 1000 1000 1000 1000 1000 1000 1000 1000 1000 1000 1000 1000 1000 1000 1000 1000 1000 1000 1000 1000 1000 1000 1000 1000 1000 1000 1000 1000 1000 1000 1000 1000 1000 1000 1000 1000 1000 17 11 9 7 6 6 5 5 4 4 4 3 3 3 3 3 3 2 2 2 2 2 2 2 2 2 2 2 2 
1000 1000 1000 1000 1000 1000 1000 1000 1000 1000 126 1000 1000 1000 1000 1000 1000 1000 1000 1000 1000 1000 1000 1000 1000 1000 1000 1000 1000 1000 1000 1000 1000 1000 1000 1000 1000 1000 1000 1000 1000 1000 1000 1000 1000 1000 1000 1000 1000 1000 1000 1000 154 10 8 6 6 5 5 4 4 4 3 3 3 3 3 3 2 2 2 2 2 2 2 2 2 2 2 2 
1000 1000 1000 1000 1000 1000 1000 1000 1000 1000 62 1000 1000 1000 1000 1000 1000 1000 1000 1000 1000 1000 1000 1000 1000 1000 1000 1000 1000 1000 1000 1000 1000 1000 1000 1000 1000 1000 1000 1000 1000 1000 1000 1000 1000 1000 1000 1000 1000 1000 1000 1000 1000 230 9 7 6 5 5 4 4 4 3 3 3 3 3 3 2 2 2 2 2 2 2 2 2 2 2 2 
1000 1000 1000 1000 1000 1000 1000 1000 1000 1000 42 1000 1000 1000 1000 1000 1000 1000 1000 1000 1000 1000 1000 1000 1000 1000 1000 1000 1000 1000 1000 1000 1000 1000 1000 1000 1000 1000 1000 1000 1000 1000 1000 1000 1000 1000 1000 1000 1000 1000 1000 1000 1000 1000 78 8 6 5 5 4 4 4 3 3 3 3 3 3 2 2 2 2 2 2 2 2 2 2 2 2 
1000 1000 1000 1000 1000 1000 1000 1000 1000 1000 32 1000 1000 1000 1000 1000 1000 1000 1000 1000 1000 1000 1000 1000 1000 1000 1000 1000 1000 1000 1000 1000 1000 1000 1000 1000 1000 1000 1000 1000 1000 1000 1000 1000 1000 1000 1000 1000 1000 1000 1000 1000 1000 1000 1000 23 7 5 5 4 4 4 3 3 3 3 3 3 2 2 2 2 2 2 2 2 2 2 2 2 
1000 1000 1000 1000 1000 1000 1000 1000 1000 62 25 1000 1000 1000 1000 1000 1000 1000 1000 1000 1000 1000 1000 1000 1000 1000 1000 1000 1000 1000 1000 1000 1000 1000 1000 1000 1000 1000 1000 1000 1000 1000 1000 1000 1000 1000 1000 1000 1000 1000 1000 1000 1000 1000 1000 16 13 6 5 4 4 4 3 3 3 3 3 3 2 2 2 2 2 2 2 2 2 2 2 2 
1000 1000 1000 1000 1000 1000 1000 1000 1000 19 21 1000 1000 1000 1000 1000 1000 1000 1000 1000 1000 1000 1000 1000 1000 1000 1000 1000 1000 1000 1000 1000 1000 1000 1000 1000 1000 1000 1000 1000 1000 1000 1000 1000 1000 1000 1000 1000 1000 1000 1000 1000 1000 1000 1000 1000 27 7 5 4 4 4 3 3 3 3 3 2 2 2 2 2 2 2 2 2 2 2 2 2 
1000 1000 1000 1000 1000 1000 1000 1000 61 16 18 1000 1000 1000 1000 1000 1000 1000 1000 1000 1000 1000 1000 1000 1000 1000 1000 1000 1000 1000 1000 1000 1000 1000 1000 1000 1000 1000 1000 1000 1000 1000 1000 1000 1000 1000 1000 1000 1000 1000 1000 1000 1000 1000 1000 1000 11 8 6 5 4 4 3 3 3 3 3 2 2 2 2 2 2 2 2 2 2 2 2 2 
1000 1000 1000 1000 1000 1000 1000 24 14 14 15 44 1000 1000 1000 1000 1000 1000 1000 1000 1000 1000 1000 1000 1000 1000 1000 1000 1000 1000 1000 1000 1000 1000 1000 1000 1000 1000 1000 1000 1000 1000 1000 1000 1000 1000 1000 1000 1000 1000 1000 1000 1000 1000 1000 1000 30 21 6 5 4 4 3 3 3 3 3 2 2 2 2 2 2 2 2 2 2 2 2 2 
1000 1000 1000 1000 1000 1000 21 14 12 12 13 25 1000 1000 1000 1000 1000 1000 1000 1000 1000 1000 1000 1000 1000 1000 1000 1000 1000 1000 1000 1000 1000 1000 1000 1000 1000 1000 1000 1000 1000 1000 1000 1000 1000 1000 1000 1000 1000 1000 1000 1000 1000 1000 1000 1000 1000 18 8 5 4 4 3 3 3 3 3 2 2 2 2 2 2 2 2 2 2 2 2 2 
1000 303 124 1000 24 23 12 10 10 11 12 162 1000 1000 1000 1000 1000 1000 1000 1000 1000 1000 1000 1000 1000 1000 1000 1000 1000 1000 1000 1000 1000 1000 1000 1000 1000 1000 1000 1000 1000 1000 1000 1000 1000 1000 1000 1000 1000 1000 1000 1000 1000 1000 1000 1000 13 10 7 5 4 4 3 3 3 3 3 2 2 2 2 2 2 2 2 2 2 2 2 1 
1000 36 16 49 17 12 10 9 9 10 11 119 1000 1000 1000 1000 1000 1000 1000 1000 1000 1000 1000 1000 1000 1000 1000 1000 1000 1000 1000 1000 1000 1000 1000 1000 1000 1000 1000 1000 1000 1000 1000 1000 1000 1000 1000 1000 1000 1000 1000 1000 1000 1000 1000 32 12 8 6 5 4 4 3 3 3 3 3 2 2 2 2 2 2 2 2 2 2 2 2 1 
34 14 12 16 10 9 8 8 8 9 10 16 23 1000 1000 1000 1000 1000 1000 1000 1000 1000 1000 1000 1000 1000 1000 1000 1000 1000 1000 1000 1000 1000 1000 1000 1000 1000 1000 1000 1000 1000 1000 1000 1000 1000 1000 1000 1000 1000 1000 1000 1000 1000 1000 21 14 9 7 5 5 4 3 3 3 3 2 2 2 2 2 2 2 2 2 2 2 2 2 1 
12 10 9 10 8 8 8 8 8 8 9 11 17 188 1000 1000 1000 1000 1000 1000 1000 1000 1000 1000 1000 1000 1000 1000 1000 1000 1000 1000 1000 1000 1000 1000 1000 1000 1000 1000 1000 1000 1000 1000 1000 1000 1000 1000 1000 1000 1000 1000 1000 1000 1000 1000 1000 14 11 6 5 4 3 3 3 3 2 2 2 2 2 2 2 2 2 2 2 2 2 1 
9 8 7 7 7 7 7 7 7 8 9 29 193 1000 1000 1000 1000 1000 1000 1000 1000 1000 1000 1000 1000 1000 1000 1000 1000 1000 1000 1000 1000 1000 1000 1000 1000 1000 1000 1000 1000 1000 1000 1000 1000 1000 1000 1000 1000 1000 1000 1000 1000 1000 1000 1000 781 19 17 7 4 4 3 3 3 3 2 2 2 2 2 2 2 2 2 2 2 2 1 1 
7 7 6 6 6 6 6 6 7 7 7 10 27 16 144 1000 1000 1000 1000 1000 1000 1000 1000 1000 1000 1000 1000 1000 1000 1000 1000 1000 1000 1000 1000 1000 1000 1000 1000 1000 1000 1000 1000 1000 1000 1000 1000 1000 1000 1000 1000 1000 1000 1000 21 16 44 12 16 6 4 4 3 3 3 3 2 2 2 2 2 2 2 2 2 2 2 2 1 1 
6 6 6 6 6 6 6 6 6 7 7 8 10 12 19 38 1000 1000 1000 1000 1000 1000 1000 1000 1000 1000 1000 1000 1000 1000 1000 1000 1000 1000 1000 1000 1000 1000 1000 1000 1000 1000 1000 1000 1000 1000 1000 1000 1000 1000 1000 1000 1000 1000 16 10 8 8 18 6 4 4 3 3 3 2 2 2 2 2 2 2 2 2 2 2 2 2 1 1 
5 5 5 5 5 6 6 6 6 6 7 8 10 16 67 1000 63 1000 1000 1000 1000 1000 1000 1000 1000 1000 1000 1000 1000 1000 1000 1000 1000 1000 1000 1000 1000 1000 1000 1000 1000 1000 1000 1000 1000 1000 1000 1000 1000 1000 1000 1000 1000 31 42 9 7 7 6 5 4 4 3 3 3 2 2 2 2 2 2 2 2 2 2 2 2 1 1 1 
4 4 5 5 5 5 5 5 6 6 6 8 20 34 135 52 24 104 1000 1000 1000 1000 1000 1000 1000 1000 1000 1000 1000 1000 1000 1000 1000 1000 1000 1000 1000 1000 1000 1000 1000 1000 1000 1000 1000 1000 1000 1000 1000 1000 1000 1000 33 14 11 8 6 6 5 4 4 4 3 3 3 2 2 2 2 2 2 2 2 2 2 2 2 1 1 1 
4 4 4 4 5 5 5 5 5 5 6 7 18 15 33 15 14 154 1000 1000 1000 1000 1000 1000 1000 1000 1000 1000 1000 1000 1000 1000 1000 1000 1000 1000 1000 1000 1000 1000 1000 1000 1000 1000 1000 1000 1000 1000 1000 1000 1000 70 18 12 9 7 6 5 5 4 4 3 3 3 2 2 2 2 2 2 2 2 2 2 2 2 2 1 1 1 
4 4 4 4 4 4 5 5 5 5 5 6 7 8 13 11 11 40 61 1000 1000 1000 1000 1000 1000 1000 1000 1000 1000 1000 1000 1000 1000 1000 1000 1000 1000 1000 1000 1000 1000 1000 1000 1000 1000 1000 1000 1000 1000 1000 1000 1000 1000 23 19 8 6 5 5 4 4 3 3 3 2 2 2 2 2 2 2 2 2 2 2 2 1 1 1 1 
4 4 4 4 4 4 4 5 5 5 5 5 6 7 7 9 10 12 19 156 1000 1000 1000 1000 1000 1000 1000 1000 1000 1000 1000 1000 1000 1000 1000 1000 1000 1000 1000 1000 1000 1000 1000 1000 1000 1000 1000 1000 1000 880 1000 1000 1000 1000 20 10 6 5 5 4 4 3 3 3 2 2 2 2 2 2 2 2 2 2 2 2 1 1 1 1 
4 4 4 4 4 4 4 4 5 5 5 5 5 6 7 8 9 30 450 1000 1000 1000 1000 1000 1000 1000 1000 1000 1000 1000 1000 1000 1000 1000 1000 1000 1000 1000 1000 1000 1000 1000 1000 1000 1000 1000 1000 1000 651 19 1000 1000 1000 44 23 9 8 5 4 4 4 3 3 2 2 2 2 2 2 2 2 2 2 2 2 1 1 1 1 1 
4 4 4 4 4 4 4 4 4 5 5 5 5 6 7 8 9 65 54 1000 1000 1000 21 129 1000 1000 1000 1000 1000 1000 1000 1000 1000 1000 1000 1000 1000 1000 1000 1000 1000 1000 1000 1000 1000 1000 1000 1000 15 14 33 1000 40 502 24 20 9 6 4 4 3 3 3 2 2 2 2 2 2 2 2 2 2 2 2 1 1 1 1 1 
3 4 4 4 4 4 4 4 4 4 5 5 5 6 6 8 11 13 41 1000 1000 30 15 29 25 38 1000 1000 1000 1000 1000 1000 1000 1000 1000 1000 1000 1000 1000 1000 1000 1000 1000 1000 1000 1000 19 14 11 10 13 41 14 15 15 18 14 6 4 4 3 3 2 2 2 2 2 2 2 2 2 2 2 2 1 1 1 1 1 1 
3 3 3 4 4 4 4 4 4 4 4 5 5 5 6 8 15 22 62 54 19 74 11 11 14 153 1000 489 63 1000 1000 1000 1000 1000 1000 1000 1000 1000 1000 1000 1000 1000 1000 56 66 1000 22 11 8 8 16 11 9 9 13 10 8 5 4 4 3 3 2 2 2 2 2 2 2 2 2 2 2 2 1 1 1 1 1 1 
3 3 3 3 3 3 4 4 4 4 4 4 5 5 6 8 12 30 48 14 11 10 9 9 73 37 19 15 175 21 198 70 61 84 75 1000 74 777 128 163 22 43 36 65 12 22 40 9 7 7 7 7 7 8 14 9 6 5 4 3 3 3 2 2 2 2 2 2 2 2 2 2 2 1 1 1 1 1 1 1 
3 3 3 3 3 3 3 3 4 4 4 4 4 5 6 10 12 10 11 21 9 8 8 8 11 25 13 10 12 12 13 16 219 1000 1000 1000 1000 1000 183 15 13 11 82 10 9 12 10 7 6 6 6 6 6 7 9 21 5 4 3 3 3 2 2 2 2 2 2 2 2 2 2 2 1 1 1 1 1 1 1 1 
3 3 3 3 3 3 3 3 3 3 4 4 4 4 5 6 6 7 7 22 7 7 7 7 7 8 8 8 9 10 13 151 1000 1000 1000 1000 1000 1000 1000 24 12 10 9 8 8 7 7 6 5 5 5 5 5 6 17 6 4 3 3 3 3 2 2 2 2 2 2 2 2 2 2 2 1 1 1 1 1 1 1 1 
3 3 3 3 3 3 3 3 3 3 3 3 4 4 4 4 5 5 5 5 6 6 6 6 6 6 7 8 8 10 15 60 1000 1000 1000 1000 1000 1000 1000 63 13 9 8 7 7 6 6 5 5 5 5 5 5 5 4 4 4 3 3 3 2 2 2 2 2 2 2 2 2 2 2 1 1 1 1 1 1 1 1 1 
2 3 3 3 3 3 3 3 3 3 3 3 3 3 4 4 4 5 5 5 5 5 5 6 6 6 6 7 8 13 21 1000 1000 1000 1000 1000 1000 1000 1000 46 33 9 7 7 6 6 5 5 5 5 4 4 4 4 4 3 3 3 3 2 2 2 2 2 2 2 2 2 2 2 1 1 1 1 1 1 1 1 1 1 
2 2 3 3 3 3 3 3 3 3 3 3 3 3 3 3 4 4 4 5 5 5 5 5 5 6 6 7 7 10 111 38 1000 1000 1000 1000 1000 1000 1000 28 13 9 7 6 6 5 5 4 4 4 4 4 4 4 3 3 3 3 3 2 2 2 2 2 2 2 2 2 2 1 1 1 1 1 1 1 1 1 1 1 
2 2 2 3 3 3 3 3 3 3 3 3 3 3 3 3 3 4 4 4 4 5 5 5 5 5 6 6 7 9 13 54 1000 1000 1000 1000 1000 1000 1000 139 17 10 7 6 5 5 4 4 4 4 4 4 4 3 3 3 3 3 2 2 2 2 2 2 2 2 2 2 2 1 1 1 1 1 1 1 1 1 1 1 
2 2 2 2 3 3 3 3 3 3 3 3 3 3 3 3 3 3 3 4 4 4 4 5 5 5 5 6 8 11 14 24 23 268 1000 1000 1000 623 68 14 24 12 7 5 5 4 4 4 4 4 4 3 3 3 3 3 3 3 2 2 2 2 2 2 2 2 2 2 1 1 1 1 1 1 1 1 1 1 1 1 
2 2 2 2 2 3 3 3 3 3 3 3 3 3 3 3 3 3 3 3 4 4 4 4 4 5 5 6 10 12 40 15 14 20 22 1000 1000 19 17 10 15 15 6 5 4 4 4 4 4 4 3 3 3 3 3 3 3 2 2 2 2 2 2 2 2 2 2 1 1 1 1 1 1 1 1 1 1 1 1 1 
2 2 2 2 2 2 2 3 3 3 3 3 3 3 3 3 3 3 3 3 3 4 4 4 4 4 4 5 6 7 12 11 10 12 20 1000 1000 23 12 9 8 8 5 5 4 4 4 4 3 3 3 3 3 3 3 3 2 2 2 2 2 2 2 2 2 2 1 1 1 1 1 1 1 1 1 1 1 1 1 1 
2 2 2 2 2 2 2 2 3 3 3 3 3 3 3 3 3 3 3 3 3 3 4 4 4 4 4 4 5 6 7 8 8 24 35 28 23 14 10 7 7 6 5 4 4 4 4 3 3 3 3 3 3 3 3 2 2 2 2 2 2 2 2 2 2 1 1 1 1 1 1 1 1 1 1 1 1 1 1 1 
2 2 2 2 2 2 2 2 2 3 3 3 3 3 3 3 3 3 3 3 3 3 3 4 4 4 4 4 5 5 6 6 7 8 10 19 33 10 9 7 6 5 5 4 4 4 3 3 3 3 3 3 3 3 3 2 2 2 2 2 2 2 2 2 1 1 1 1 1 1 1 1 1 1 1 1 1 1 1 1 
2 2 2 2 2 2 2 2 2 2 3 3 3 3 3 3 3 3 3 3 3 3 3 3 4 4 4 4 4 5 6 6 7 7 9 11 22 11 9 7 6 5 5 4 4 3 3 3 3 3 3 3 3 3 2 2 2 2 2 2 2 2 2 1 1 1 1 1 1 1 1 1 1 1 1 1 1 1 1 1 
2 2 2 2 2 2 2 2 2 2 2 2 3 3 3 3 3 3 3 3 3 3 3 3 4 4 4 4 4 4 5 6 7 7 9 14 11 28 11 9 6 5 4 4 3 3 3 3 3 3 3 3 3 2 2 2 2 2 2 2 2 1 1 1 1 1 1 1 1 1 1 1 1 1 1 1 1 1 1 1 
